RUN:2019-07-21 02:54:24.543776,DURATION: 0.0013579999999819847
RUN:2019-07-25 01:43:18.981881,DURATION: 10.825901000000158
RUN:2021-08-23 00:21:57.180430,DURATION: 0.0002281665802001953
