RUN:2019-07-21 02:54:24.541015,DURATION: 0.0013570000000981963
RUN:2019-07-25 01:43:08.106795,DURATION: 10.900088000000324
RUN:2021-08-23 00:21:57.179476,DURATION: 0.000244140625
