RUN:2019-07-21 02:54:24.543776,DURATION: 0.0013579999999819847
RUN:2019-07-25 01:43:18.981881,DURATION: 10.825901000000158
