RUN:2019-07-21 02:54:00.511924,DURATION: 18.55219299999999
RUN:2019-07-25 01:42:45.760447,DURATION: 11.410903999999846
RUN:2021-08-23 00:21:57.177382,DURATION: 0.00025773048400878906
