RUN:2019-07-21 02:54:24.538084,DURATION: 19.41662200000019
RUN:2019-07-25 01:42:57.145240,DURATION: 11.325632000000041
