RUN:2019-07-21 02:54:00.511924,DURATION: 18.55219299999999
RUN:2019-07-25 01:42:45.760447,DURATION: 11.410903999999846
